<?xml version="1.0" encoding="UTF-8"?>
<svg version="1.1" xmlns="http://www.w3.org/2000/svg" width="600" height="600">
<path d="M0 0 C198 0 396 0 600 0 C600 198 600 396 600 600 C402 600 204 600 0 600 C0 402 0 204 0 0 Z " fill="#FEFEFE" transform="translate(0,0)"/>
<path d="M0 0 C2.31 0.33 4.62 0.66 7 1 C6.37204673 6.9027607 4.96218133 11.11345602 3 17 C13.23 17 23.46 17 34 17 C34.04643186 22.52797112 34.08609506 28.05523965 34.10986328 33.58325195 C34.11979314 35.45567137 34.13334153 37.32807584 34.15087891 39.20043945 C34.47332755 74.56546874 34.47332755 74.56546874 29 88 C25.21050267 91.50304713 22.76240881 93.13174939 17.6484375 93.09765625 C16.37226563 93.09282227 16.37226563 93.09282227 15.0703125 93.08789062 C14.18085938 93.07951172 13.29140625 93.07113281 12.375 93.0625 C11.4778125 93.05798828 10.580625 93.05347656 9.65625 93.04882812 C7.43743352 93.03702591 5.21874982 93.02056155 3 93 C2.505 89.535 2.505 89.535 2 86 C3.19238281 85.98582031 4.38476562 85.97164063 5.61328125 85.95703125 C7.17972627 85.9101317 8.74613135 85.8618843 10.3125 85.8125 C11.09818359 85.80669922 11.88386719 85.80089844 12.69335938 85.79492188 C14.89880419 85.71045803 16.86579888 85.56560301 19 85 C28.04301695 74.73930949 25.19932286 52.30190066 25.5625 39.1875 C25.60583832 37.70506987 25.64945656 36.2226479 25.69335938 34.74023438 C25.79929986 31.1602455 25.89954168 27.58016338 26 24 C17.42 24.33 8.84 24.66 0 25 C-1.65 28.96 -3.3 32.92 -5 37 C-5.66 37 -6.32 37 -7 37 C-7.33 38.32 -7.66 39.64 -8 41 C-11.37462715 40.45276317 -13.08235 39.9451 -16 38 C-16 53.51 -16 69.02 -16 85 C-25.57 85 -35.14 85 -45 85 C-45 87.64 -45 90.28 -45 93 C-47.64 93 -50.28 93 -53 93 C-53 67.92 -53 42.84 -53 17 C-49.04 16.67 -45.08 16.34 -41 16 C-40.71125 14.63875 -40.4225 13.2775 -40.125 11.875 C-39.30268853 8.15697742 -38.28811966 4.58833335 -37 1 C-34.36 1 -31.72 1 -29 1 C-29.28877529 2.3547862 -29.58120717 3.70879302 -29.875 5.0625 C-30.03742188 5.81660156 -30.19984375 6.57070312 -30.3671875 7.34765625 C-31.1411467 10.59159634 -32.08380771 13.79332698 -33 17 C-27.39 17 -21.78 17 -16 17 C-15.505 25.91 -15.505 25.91 -15 35 C-13.68 32.69 -12.36 30.38 -11 28 C-10.34 28 -9.68 28 -9 28 C-8.85304688 27.48695313 -8.70609375 26.97390625 -8.5546875 26.4453125 C-5.94903105 17.55014048 -2.95641279 8.78312925 0 0 Z " fill="#101010" transform="translate(486,178)"/>
<path d="M0 0 C23.76 0 47.52 0 72 0 C72 8.25 72 16.5 72 25 C50.88 25 29.76 25 8 25 C8.33 27.64 8.66 30.28 9 33 C12.38334326 35.25556218 13.55972931 35.25632982 17.52539062 35.2746582 C18.65666382 35.28419022 19.78793701 35.29372223 20.95349121 35.30354309 C22.17540161 35.30263168 23.39731201 35.30172028 24.65625 35.30078125 C25.9100647 35.30506638 27.16387939 35.3093515 28.45568848 35.31376648 C31.10878484 35.31951407 33.76149267 35.32094009 36.41455078 35.31567383 C39.81438216 35.30987467 43.21366955 35.32682194 46.61341095 35.3500185 C49.85685344 35.36828937 53.10026528 35.36457083 56.34375 35.36328125 C57.5656604 35.372491 58.7875708 35.38170074 60.04650879 35.39118958 C61.74341858 35.38184639 61.74341858 35.38184639 63.47460938 35.37231445 C64.4714978 35.37294388 65.46838623 35.3735733 66.4954834 35.3742218 C69.03439377 35.19811214 69.03439377 35.19811214 70.80236816 33.6446991 C72.35702902 31.50969464 72.65000575 29.58995742 73 27 C75.64 27.66 78.28 28.32 81 29 C80.49292456 33.36084875 79.71969631 36.5032476 77 40 C73.14573076 41.95784773 69.92664964 42.25686387 65.63671875 42.2746582 C64.37190674 42.28419022 63.10709473 42.29372223 61.80395508 42.30354309 C60.4318031 42.30328167 59.05965111 42.30234467 57.6875 42.30078125 C56.27172724 42.30467126 54.85595565 42.30900656 53.44018555 42.31376648 C50.47798879 42.32121402 47.51591126 42.32094769 44.55371094 42.31567383 C40.76404687 42.30987488 36.97487086 42.32682704 33.18528748 42.3500185 C30.26327681 42.36477172 27.34138335 42.36562552 24.41934204 42.36250877 C23.02233919 42.36302099 21.62532961 42.36823997 20.22836304 42.37832069 C18.27337394 42.39069992 16.31828583 42.38194222 14.36328125 42.37231445 C12.69712769 42.37325859 12.69712769 42.37325859 10.99731445 42.3742218 C7.52718142 41.94096748 5.74939767 41.14836084 3 39 C-3.70820393 27.81966011 0 13.03840481 0 0 Z " fill="#0A0A0A" transform="translate(166,317)"/>
<path d="M0 0 C29.04 0 58.08 0 88 0 C88 2.31 88 4.62 88 7 C74.47 7.33 60.94 7.66 47 8 C45.35 11.63 43.7 15.26 42 19 C54.21 19 66.42 19 79 19 C79 35.17 79 51.34 79 68 C76.03 68 73.06 68 70 68 C70 54.47 70 40.94 70 27 C52.84 27 35.68 27 18 27 C18 40.53 18 54.06 18 68 C15.03 68 12.06 68 9 68 C9 51.83 9 35.66 9 19 C17.25 19 25.5 19 34 19 C34.66 16.36 35.32 13.72 36 11 C36.66 9.68 37.32 8.36 38 7 C25.46 7 12.92 7 0 7 C0 4.69 0 2.38 0 0 Z " fill="#121212" transform="translate(367,319)"/>
<path d="M0 0 C2.64 0.33 5.28 0.66 8 1 C6.125 8.625 6.125 8.625 5 12 C9.62 12 14.24 12 19 12 C19.11574968 22.24838708 19.20464192 32.49661919 19.25906086 42.74552631 C19.28517683 47.50433214 19.32061099 52.26269144 19.37719727 57.02124023 C19.4314463 61.61186815 19.46140546 66.20206607 19.47438622 70.79298973 C19.48363896 72.54617269 19.50170737 74.29933159 19.52865028 76.05233192 C19.56484783 78.50456577 19.56994951 80.95501355 19.56762695 83.4074707 C19.58560333 84.13539322 19.60357971 84.86331573 19.62210083 85.61329651 C19.60127258 87.64009094 19.60127258 87.64009094 19 91 C15.43779507 93.95955102 12.74651538 94.35228369 8.1875 94.1875 C6.72376953 94.14689453 6.72376953 94.14689453 5.23046875 94.10546875 C4.12638672 94.05326172 4.12638672 94.05326172 3 94 C2.67 92.02 2.34 90.04 2 88 C5.3 88 8.6 88 12 88 C12 76.12 12 64.24 12 52 C6.06 52 0.12 52 -6 52 C-5.97679687 53.31613281 -5.95359375 54.63226563 -5.9296875 55.98828125 C-5.59461443 82.65451314 -5.59461443 82.65451314 -12 94 C-13.9921875 94.86328125 -13.9921875 94.86328125 -16 95 C-18.25 94.0625 -18.25 94.0625 -20 93 C-19.40116796 90.40129494 -18.67609462 88.23440548 -17.625 85.75 C-13.47089233 74.79455918 -12.52570622 62.60179241 -12 51 C-14.31 51 -16.62 51 -19 51 C-19 49.02 -19 47.04 -19 45 C-16.69 45 -14.38 45 -12 45 C-12 34.44 -12 23.88 -12 13 C-9.03 13 -6.06 13 -3 13 C-2.690625 11.5975 -2.38125 10.195 -2.0625 8.75 C-1.41650906 5.82150775 -0.73989213 2.90624297 0 0 Z " fill="#121212" transform="translate(279,313)"/>
<path d="M0 0 C2.31 0.33 4.62 0.66 7 1 C6.37204673 6.9027607 4.96218133 11.11345602 3 17 C13.23 17 23.46 17 34 17 C34.04643186 22.52797112 34.08609506 28.05523965 34.10986328 33.58325195 C34.11979314 35.45567137 34.13334153 37.32807584 34.15087891 39.20043945 C34.47332755 74.56546874 34.47332755 74.56546874 29 88 C25.21050267 91.50304713 22.76240881 93.13174939 17.6484375 93.09765625 C16.37226563 93.09282227 16.37226563 93.09282227 15.0703125 93.08789062 C14.18085938 93.07951172 13.29140625 93.07113281 12.375 93.0625 C11.4778125 93.05798828 10.580625 93.05347656 9.65625 93.04882812 C7.43743352 93.03702591 5.21874982 93.02056155 3 93 C2.505 89.535 2.505 89.535 2 86 C3.19238281 85.98582031 4.38476562 85.97164063 5.61328125 85.95703125 C7.17972627 85.9101317 8.74613135 85.8618843 10.3125 85.8125 C11.09818359 85.80669922 11.88386719 85.80089844 12.69335938 85.79492188 C14.89880419 85.71045803 16.86579888 85.56560301 19 85 C28.04301695 74.73930949 25.19932286 52.30190066 25.5625 39.1875 C25.60583832 37.70506987 25.64945656 36.2226479 25.69335938 34.74023438 C25.79929986 31.1602455 25.89954168 27.58016338 26 24 C17.42 24.33 8.84 24.66 0 25 C-1.65 28.96 -3.3 32.92 -5 37 C-5.66 37 -6.32 37 -7 37 C-7.33 38.32 -7.66 39.64 -8 41 C-11.37462715 40.45276317 -13.08235 39.9451 -16 38 C-16 53.51 -16 69.02 -16 85 C-25.57 85 -35.14 85 -45 85 C-45 87.64 -45 90.28 -45 93 C-47.64 93 -50.28 93 -53 93 C-53 67.92 -53 42.84 -53 17 C-52.67 17 -52.34 17 -52 17 C-52 41.75 -52 66.5 -52 92 C-50.02 92 -48.04 92 -46 92 C-46 89.36 -46 86.72 -46 84 C-36.43 84 -26.86 84 -17 84 C-17 61.89 -17 39.78 -17 17 C-16.67 17 -16.34 17 -16 17 C-15.505 25.91 -15.505 25.91 -15 35 C-13.68 32.69 -12.36 30.38 -11 28 C-10.34 28 -9.68 28 -9 28 C-8.85304688 27.48695313 -8.70609375 26.97390625 -8.5546875 26.4453125 C-5.94903105 17.55014048 -2.95641279 8.78312925 0 0 Z " fill="#232323" transform="translate(486,178)"/>
<path d="M0 0 C2.64 0 5.28 0 8 0 C8 2.64 8 5.28 8 8 C15.26 8 22.52 8 30 8 C30 10.31 30 12.62 30 15 C22.74 15 15.48 15 8 15 C8.05800781 16.91425781 8.11601562 18.82851563 8.17578125 20.80078125 C8.22267043 23.3046632 8.26817147 25.80857141 8.3125 28.3125 C8.35439453 29.57513672 8.39628906 30.83777344 8.43945312 32.13867188 C8.45556641 33.34716797 8.47167969 34.55566406 8.48828125 35.80078125 C8.51446533 36.91622314 8.54064941 38.03166504 8.56762695 39.1809082 C8 42 8 42 5.59448242 43.82495117 C4.73830322 44.21271729 3.88212402 44.6004834 3 45 C2.01 45.495 2.01 45.495 1 46 C-0.37548156 46.08308638 -1.75485796 46.10736016 -3.1328125 46.09765625 C-3.93847656 46.09443359 -4.74414062 46.09121094 -5.57421875 46.08789062 C-6.83685547 46.07532227 -6.83685547 46.07532227 -8.125 46.0625 C-9.39923828 46.05573242 -9.39923828 46.05573242 -10.69921875 46.04882812 C-12.79950909 46.03702874 -14.8997633 46.01909306 -17 46 C-17.66 43.69 -18.32 41.38 -19 39 C-12.73 39 -6.46 39 0 39 C0 31.08 0 23.16 0 15 C-12.54 15 -25.08 15 -38 15 C-38 15.66 -38 16.32 -38 17 C-37.44699219 17.23074219 -36.89398438 17.46148437 -36.32421875 17.69921875 C-33.35859707 19.35897004 -31.23197621 21.42876199 -28.8125 23.8125 C-27.93207031 24.66457031 -27.05164063 25.51664062 -26.14453125 26.39453125 C-23.93498348 29.07899093 -23.31240787 30.58801598 -23 34 C-26 36 -26 36 -27.84375 35.9921875 C-31.13855076 34.47610164 -33.17918224 31.82524301 -35.5 29.125 C-39.14524521 24.89983671 -39.14524521 24.89983671 -43.34375 21.2421875 C-43.8903125 20.83226562 -44.436875 20.42234375 -45 20 C-45 19.34 -45 18.68 -45 18 C-44.01 17.34 -43.02 16.68 -42 16 C-47.94 15.67 -53.88 15.34 -60 15 C-60 12.69 -60 10.38 -60 8 C-40.2 8 -20.4 8 0 8 C0 5.36 0 2.72 0 0 Z " fill="#060606" transform="translate(219,362)"/>
<path d="M0 0 C3.60802339 1.72471448 5.23757152 2.80166978 7.5078125 6.20703125 C7.67943275 8.8929804 7.74005802 11.47248026 7.703125 14.15625 C7.7002951 14.92886673 7.69746521 15.70148346 7.69454956 16.49751282 C7.68336128 18.96334368 7.65825953 21.42881031 7.6328125 23.89453125 C7.62278093 25.56705204 7.61365539 27.23957853 7.60546875 28.91210938 C7.58342642 33.01055684 7.54890613 37.10873231 7.5078125 41.20703125 C9.98048015 40.86258244 9.98048015 40.86258244 12.5078125 40.20703125 C13.0028125 39.21703125 13.0028125 39.21703125 13.5078125 38.20703125 C14.1678125 38.20703125 14.8278125 38.20703125 15.5078125 38.20703125 C15.26317876 41.50958676 14.25465579 42.4662155 11.8828125 44.89453125 C8.62775596 47.47013424 5.65132182 47.95842069 1.5078125 48.20703125 C-1.4921875 44.45703125 -1.4921875 44.45703125 -1.4921875 42.20703125 C-2.12125 42.64015625 -2.7503125 43.07328125 -3.3984375 43.51953125 C-9.04528705 47.19338517 -12.72669342 49.35372516 -19.4921875 48.20703125 C-22.4921875 46.33203125 -22.4921875 46.33203125 -24.4921875 44.20703125 C-24.4921875 43.54703125 -24.4921875 42.88703125 -24.4921875 42.20703125 C-25.1521875 42.20703125 -25.8121875 42.20703125 -26.4921875 42.20703125 C-26.94657996 33.5399158 -26.94657996 33.5399158 -25.5546875 29.45703125 C-19.33870969 22.67596455 -10.9213848 19.43037912 -2.4921875 16.20703125 C-2.12798364 10.31034711 -2.12798364 10.31034711 -3.4921875 4.64453125 C-6.78631683 2.27687579 -9.50395525 2.82719961 -13.4921875 3.20703125 C-15.89155681 5.60640056 -15.7788164 6.42111625 -15.9921875 9.70703125 C-16.26996528 13.98480903 -16.26996528 13.98480903 -18.4921875 16.20703125 C-23.04774306 15.65147569 -23.04774306 15.65147569 -24.4921875 14.20703125 C-24.5799345 11.11708318 -24.26401653 8.19983768 -23.4921875 5.20703125 C-21.1796875 2.76953125 -21.1796875 2.76953125 -18.4921875 1.20703125 C-17.89535156 0.85253906 -17.29851562 0.49804688 -16.68359375 0.1328125 C-11.62571755 -2.00393734 -5.16807602 -1.64438782 0 0 Z " fill="#0F0F0F" transform="translate(179.4921875,217.79296875)"/>
<path d="M0 0 C6.27 0 12.54 0 19 0 C19 0.66 19 1.32 19 2 C17.68 2.33 16.36 2.66 15 3 C15.4325497 8.08245903 16.72106794 11.86071077 18.87890625 16.4609375 C21.4981544 22.39303261 24 28.48135655 24 35 C24.66 35 25.32 35 26 35 C26.09023437 34.15566406 26.18046875 33.31132812 26.2734375 32.44140625 C27.23954907 27.86536166 29.37655025 24.15087752 31.6484375 20.12304688 C33.15027019 17.31326562 34.04339302 15.48214469 33.75390625 12.265625 C33.50511719 11.51796875 33.25632813 10.7703125 33 10 C32.773125 8.948125 32.54625 7.89625 32.3125 6.8125 C31.2328431 3.69269135 31.2328431 3.69269135 27.875 2.625 C26.92625 2.41875 25.9775 2.2125 25 2 C25 1.34 25 0.68 25 0 C32.26 0 39.52 0 47 0 C47 0.66 47 1.32 47 2 C45.35 2.33 43.7 2.66 42 3 C41.36489239 8.84299004 42.8705502 12.24224311 45.62109375 17.3671875 C51 27.63739377 51 27.63739377 51 33 C51.66 33 52.32 33 53 33 C53.226875 31.824375 53.45375 30.64875 53.6875 29.4375 C54.82112787 24.27045703 56.49829892 19.30663273 58.23510742 14.31811523 C60.31752055 8.29328907 60.31752055 8.29328907 61 2 C60.01 2 59.02 2 58 2 C58 1.34 58 0.68 58 0 C62.62 0 67.24 0 72 0 C72 0.66 72 1.32 72 2 C71.22785156 2.39058594 70.45570313 2.78117188 69.66015625 3.18359375 C66.17696368 5.56198515 65.51735423 8.17800433 64.4375 12.0625 C64.02313778 13.42257921 63.60646478 14.78195653 63.1875 16.140625 C62.98769531 16.80255859 62.78789062 17.46449219 62.58203125 18.14648438 C61.31050584 22.19573813 59.62106914 26.08186932 58 30 C57.33294576 31.70818203 56.66628252 33.41651681 56 35.125 C54.2339697 39.55409186 52.19441123 43.76792121 50 48 C49.34 48 48.68 48 48 48 C47.6146106 47.03175293 47.6146106 47.03175293 47.22143555 46.04394531 C46.04964412 43.11011507 44.86868115 40.18006176 43.6875 37.25 C43.28337891 36.23421875 42.87925781 35.2184375 42.46289062 34.171875 C42.06650391 33.1921875 41.67011719 32.2125 41.26171875 31.203125 C40.90037842 30.30239258 40.53903809 29.40166016 40.16674805 28.47363281 C39.01631788 26.03459567 37.69454587 24.08887415 36 22 C33.63985137 25.87738703 31.68636279 29.63307271 30.0625 33.875 C28.14485916 38.85628219 25.70670033 43.40748386 23 48 C22.34 48 21.68 48 21 48 C20.80365967 47.46632813 20.60731934 46.93265625 20.4050293 46.3828125 C19.49944013 43.92178147 18.59347212 41.46089007 17.6875 39 C17.2244043 37.74123047 17.2244043 37.74123047 16.75195312 36.45703125 C16.29272461 35.20986328 16.29272461 35.20986328 15.82421875 33.9375 C15.51959717 33.10992187 15.21497559 32.28234375 14.90112305 31.4296875 C14.05037909 29.13583654 13.18276204 26.848999 12.3125 24.5625 C11.24579248 21.66715103 10.47445632 19.03652042 10 16 C9.34 16 8.68 16 8 16 C6.76841561 13.09697965 5.85622664 10.394098 5.125 7.3125 C4.34542836 3.92181256 4.34542836 3.92181256 1.875 2.5625 C1.25625 2.376875 0.6375 2.19125 0 2 C0 1.34 0 0.68 0 0 Z " fill="#111111" transform="translate(76,218)"/>
<path d="M0 0 C10.56 0 21.12 0 32 0 C32 17.16 32 34.32 32 52 C34.31 51.67 36.62 51.34 39 51 C39.33 46.71 39.66 42.42 40 38 C41.65 38.66 43.3 39.32 45 40 C45.21868269 46.03807203 45.24324837 51.33284623 43 57 C39.67783762 59.21477492 38.44966677 59.29667707 34.5625 59.3125 C33.61503906 59.32925781 32.66757812 59.34601563 31.69140625 59.36328125 C28.50597039 58.93331676 27.30525407 58.21265286 25 56 C24.51898193 53.74104309 24.51898193 53.74104309 24.54589844 51.06958008 C24.54620056 50.06876907 24.54650269 49.06795807 24.54681396 48.03681946 C24.56745911 46.95861435 24.58810425 45.88040924 24.609375 44.76953125 C24.61503479 43.66397385 24.62069458 42.55841644 24.62652588 41.4193573 C24.64894205 37.88330036 24.69915004 34.34825141 24.75 30.8125 C24.77005813 28.41733233 24.78831009 26.02214879 24.8046875 23.62695312 C24.84882433 17.75091285 24.91788965 11.8756274 25 6 C19.06 6 13.12 6 7 6 C7.02320313 7.41410156 7.04640625 8.82820313 7.0703125 10.28515625 C7.23534353 24.61262087 7.23378026 38.43975113 2 52 C1.34 52 0.68 52 0 52 C-1.07525194 54.65228812 -2.09456151 57.28368454 -3 60 C-6.37462715 59.45276317 -8.08235 58.9451 -11 57 C-9.87373984 54.55976966 -8.66748676 52.54949819 -7.0625 50.375 C-1.95791944 42.02205 -0.97281237 32.38075462 -0.68359375 22.75390625 C-0.64548584 21.5532251 -0.60737793 20.35254395 -0.56811523 19.11547852 C-0.52501221 17.61299561 -0.48190918 16.1105127 -0.4375 14.5625 C-0.293125 9.756875 -0.14875 4.95125 0 0 Z " fill="#0E0E0E" transform="translate(310,348)"/>
<path d="M0 0 C3.15508217 2.29286336 5.73182222 4.34167406 7.625 7.8125 C7.625 10.7825 7.625 13.7525 7.625 16.8125 C-2.605 16.8125 -12.835 16.8125 -23.375 16.8125 C-21.40091232 26.68293838 -20.14964834 30.55402986 -13.0625 36.875 C-9.00404452 38.29074029 -5.49566399 37.9138411 -1.375 36.8125 C2.5819182 34.40394109 4.32721607 31.75155817 6.625 27.8125 C7.285 27.8125 7.945 27.8125 8.625 27.8125 C8.295 30.1225 7.965 32.4325 7.625 34.8125 C6.965 34.8125 6.305 34.8125 5.625 34.8125 C5.3465625 35.864375 5.3465625 35.864375 5.0625 36.9375 C3.0926027 40.8772946 0.20257949 43.29464896 -3.375 45.8125 C-8.18187869 47.4147929 -13.0411446 47.25704389 -18 46.3125 C-23.70217679 42.71112518 -27.88004904 37.01275015 -30.375 30.8125 C-30.78274724 27.98643839 -30.79537527 25.22607953 -30.75 22.375 C-30.76160156 21.64990234 -30.77320313 20.92480469 -30.78515625 20.17773438 C-30.75245055 14.11082679 -29.60197485 9.37025982 -25.5078125 4.66796875 C-17.88970082 -1.66069601 -9.41569844 -5.59662075 0 0 Z " fill="#101010" transform="translate(384.375,219.1875)"/>
<path d="M0 0 C3.15508217 2.29286336 5.73182222 4.34167406 7.625 7.8125 C7.625 10.7825 7.625 13.7525 7.625 16.8125 C-2.605 16.8125 -12.835 16.8125 -23.375 16.8125 C-21.40091232 26.68293838 -20.14964834 30.55402986 -13.0625 36.875 C-9.00404452 38.29074029 -5.49566399 37.9138411 -1.375 36.8125 C2.5819182 34.40394109 4.32721607 31.75155817 6.625 27.8125 C7.285 27.8125 7.945 27.8125 8.625 27.8125 C8.295 30.1225 7.965 32.4325 7.625 34.8125 C6.965 34.8125 6.305 34.8125 5.625 34.8125 C5.3465625 35.864375 5.3465625 35.864375 5.0625 36.9375 C3.0926027 40.8772946 0.20257949 43.29464896 -3.375 45.8125 C-8.18187869 47.4147929 -13.0411446 47.25704389 -18 46.3125 C-23.70217679 42.71112518 -27.88004904 37.01275015 -30.375 30.8125 C-30.78274724 27.98643839 -30.79537527 25.22607953 -30.75 22.375 C-30.76160156 21.64990234 -30.77320313 20.92480469 -30.78515625 20.17773438 C-30.75245055 14.11082679 -29.60197485 9.37025982 -25.5078125 4.66796875 C-17.88970082 -1.66069601 -9.41569844 -5.59662075 0 0 Z " fill="#101010" transform="translate(298.375,219.1875)"/>
<path d="M0 0 C3.14803131 0.67688204 3.14803131 0.67688204 6.125 -0.5625 C6.125 4.7175 6.125 9.9975 6.125 15.4375 C5.135 15.1075 4.145 14.7775 3.125 14.4375 C2.3515625 12.6953125 2.3515625 12.6953125 1.75 10.5625 C0.72986111 7.62828608 0.26152261 6.55885343 -2.125 4.4375 C-5.57213218 3.18399739 -8.23248661 3.10023024 -11.875 3.4375 C-12.865 4.0975 -13.855 4.7575 -14.875 5.4375 C-15.54290364 8.3090965 -15.54290364 8.3090965 -14.875 11.4375 C-11.48322335 15.39041617 -7.99980914 17.67138698 -3.375 20 C7.04055903 25.26861806 7.04055903 25.26861806 9.125 29.4375 C9.77351184 34.58853689 9.77062229 38.3278367 7.125 42.875 C1.58827782 47.60428352 -3.6040708 48.94774065 -10.875 48.4375 C-13.23980642 48.20336075 -15.59868651 47.94850615 -17.95703125 47.65625 C-19.88445241 47.39972723 -19.88445241 47.39972723 -21.875 47.4375 C-21.875 42.1575 -21.875 36.8775 -21.875 31.4375 C-21.215 31.4375 -20.555 31.4375 -19.875 31.4375 C-19.65585937 32.04078125 -19.43671875 32.6440625 -19.2109375 33.265625 C-17.07558306 38.64741262 -15.39531537 41.94794601 -9.875 44.4375 C-5.85218758 44.99237068 -3.83996109 45.08080739 -0.4375 42.8125 C1.59096168 39.72923824 1.60612761 38.07371441 1.125 34.4375 C-0.95528084 32.39496559 -0.95528084 32.39496559 -3.8125 30.9375 C-4.81152344 30.35226563 -5.81054688 29.76703125 -6.83984375 29.1640625 C-7.84144531 28.59429687 -8.84304688 28.02453125 -9.875 27.4375 C-20.28753943 21.09405102 -20.28753943 21.09405102 -21.875 16.4375 C-22.49131688 12.94503765 -22.6736915 9.90958946 -21.875 6.4375 C-15.96343976 -1.22905469 -8.94685108 -1.29873645 0 0 Z " fill="#0C0C0C" transform="translate(336.875,217.5625)"/>
<path d="M0 0 C3.14803131 0.67688204 3.14803131 0.67688204 6.125 -0.5625 C6.125 4.7175 6.125 9.9975 6.125 15.4375 C5.135 15.1075 4.145 14.7775 3.125 14.4375 C2.3515625 12.6953125 2.3515625 12.6953125 1.75 10.5625 C0.72986111 7.62828608 0.26152261 6.55885343 -2.125 4.4375 C-5.57213218 3.18399739 -8.23248661 3.10023024 -11.875 3.4375 C-12.865 4.0975 -13.855 4.7575 -14.875 5.4375 C-15.54290364 8.3090965 -15.54290364 8.3090965 -14.875 11.4375 C-11.48322335 15.39041617 -7.99980914 17.67138698 -3.375 20 C7.04055903 25.26861806 7.04055903 25.26861806 9.125 29.4375 C9.77351184 34.58853689 9.77062229 38.3278367 7.125 42.875 C1.58827782 47.60428352 -3.6040708 48.94774065 -10.875 48.4375 C-13.23980642 48.20336075 -15.59868651 47.94850615 -17.95703125 47.65625 C-19.88445241 47.39972723 -19.88445241 47.39972723 -21.875 47.4375 C-21.875 42.1575 -21.875 36.8775 -21.875 31.4375 C-21.215 31.4375 -20.555 31.4375 -19.875 31.4375 C-19.65585938 32.04078125 -19.43671875 32.6440625 -19.2109375 33.265625 C-17.07558306 38.64741262 -15.39531537 41.94794601 -9.875 44.4375 C-5.85218758 44.99237068 -3.83996109 45.08080739 -0.4375 42.8125 C1.59096168 39.72923824 1.60612761 38.07371441 1.125 34.4375 C-0.95528084 32.39496559 -0.95528084 32.39496559 -3.8125 30.9375 C-4.81152344 30.35226563 -5.81054688 29.76703125 -6.83984375 29.1640625 C-7.84144531 28.59429687 -8.84304687 28.02453125 -9.875 27.4375 C-20.28753943 21.09405102 -20.28753943 21.09405102 -21.875 16.4375 C-22.49131688 12.94503765 -22.6736915 9.90958946 -21.875 6.4375 C-15.96343976 -1.22905469 -8.94685108 -1.29873645 0 0 Z " fill="#0C0C0C" transform="translate(250.875,217.5625)"/>
<path d="M0 0 C2.97 0 5.94 0 9 0 C9.08755672 4.35403865 9.14057969 8.70784877 9.1875 13.0625 C9.21263672 14.29162109 9.23777344 15.52074219 9.26367188 16.78710938 C9.31631874 23.29777171 9.23999169 28.27686507 6 34 C5.34 34 4.68 34 4 34 C3.773125 34.556875 3.54625 35.11375 3.3125 35.6875 C-2.21290037 45.42272922 -14.98191183 50.86996357 -25.23046875 53.98046875 C-29.63204718 55.12241297 -33.43384654 56 -38 56 C-42 51.77777778 -42 51.77777778 -42 49 C-40.79085938 48.72027344 -39.58171875 48.44054687 -38.3359375 48.15234375 C-25.01141716 44.94069466 -10.77402498 41.50702552 -2.38793945 29.73754883 C-0.74565108 26.4983264 -0.574051 24.22495236 -0.48828125 20.60546875 C-0.45283203 19.40341797 -0.41738281 18.20136719 -0.38085938 16.96289062 C-0.35830078 15.71701172 -0.33574219 14.47113281 -0.3125 13.1875 C-0.27833984 11.92228516 -0.24417969 10.65707031 -0.20898438 9.35351562 C-0.12662871 6.23576555 -0.05743471 3.11829241 0 0 Z " fill="#0E0E0E" transform="translate(406,352)"/>
<path d="M0 0 C0.99 0 1.98 0 3 0 C3 4.95 3 9.9 3 15 C6.3 15 9.6 15 13 15 C13 16.32 13 17.64 13 19 C9.7 19 6.4 19 3 19 C3.495 36.82 3.495 36.82 4 55 C5.65 55.33 7.3 55.66 9 56 C10.7087646 54.62485459 10.7087646 54.62485459 12 53 C12.66 53 13.32 53 14 53 C12.60708122 57.87521572 10.16854559 60.19424816 6 63 C1.87010974 63.8603938 0.43268583 63.27125841 -3.15087891 61.0246582 C-5.73093504 58.77527493 -6.43763027 57.25775883 -6.68115234 53.85229492 C-6.68020916 52.22804302 -6.64669652 50.60358411 -6.5859375 48.98046875 C-6.57744781 48.12189774 -6.56895813 47.26332672 -6.56021118 46.3787384 C-6.52672797 43.64702769 -6.4514637 40.9183122 -6.375 38.1875 C-6.34489358 36.33142296 -6.31751895 34.47529947 -6.29296875 32.61914062 C-6.22695395 28.07827993 -6.12347181 23.53964704 -6 19 C-8.31 19 -10.62 19 -13 19 C-11.94622526 16.31766431 -11.15041879 15.10445749 -8.75 13.4375 C-4.57089236 9.73329095 -2.48103893 4.94502604 0 0 Z " fill="#171717" transform="translate(410,203)"/>
<path d="M0 0 C18.48 0 36.96 0 56 0 C56 3.63 56 7.26 56 11 C37.52 11 19.04 11 0 11 C0 7.37 0 3.74 0 0 Z " fill="#F4F4F4" transform="translate(174,324)"/>
<path d="M0 0 C3.60802339 1.72471448 5.23757152 2.80166978 7.5078125 6.20703125 C7.67943275 8.8929804 7.74005802 11.47248026 7.703125 14.15625 C7.7002951 14.92886673 7.69746521 15.70148346 7.69454956 16.49751282 C7.68336128 18.96334368 7.65825953 21.42881031 7.6328125 23.89453125 C7.62278093 25.56705204 7.61365539 27.23957853 7.60546875 28.91210938 C7.58342642 33.01055684 7.54890613 37.10873231 7.5078125 41.20703125 C9.98048015 40.86258244 9.98048015 40.86258244 12.5078125 40.20703125 C13.0028125 39.21703125 13.0028125 39.21703125 13.5078125 38.20703125 C14.1678125 38.20703125 14.8278125 38.20703125 15.5078125 38.20703125 C15.26317876 41.50958676 14.25465579 42.4662155 11.8828125 44.89453125 C8.62775596 47.47013424 5.65132182 47.95842069 1.5078125 48.20703125 C-0.4921875 42.45703125 -0.4921875 42.45703125 -0.4921875 40.20703125 C-1.1521875 39.87703125 -1.8121875 39.54703125 -2.4921875 39.20703125 C-2.1621875 38.54703125 -1.8321875 37.88703125 -1.4921875 37.20703125 C-1.34213777 35.83356775 -1.24380744 34.45417865 -1.17578125 33.07421875 C-1.13388672 32.26855469 -1.09199219 31.46289062 -1.04882812 30.6328125 C-1.00951172 29.79105469 -0.97019531 28.94929688 -0.9296875 28.08203125 C-0.88650391 27.23253906 -0.84332031 26.38304687 -0.79882812 25.5078125 C-0.69264514 23.40774902 -0.59190253 21.30741177 -0.4921875 19.20703125 C-1.4821875 18.87703125 -2.4721875 18.54703125 -3.4921875 18.20703125 C-3.1621875 17.54703125 -2.8321875 16.88703125 -2.4921875 16.20703125 C-2.0864849 12.16560917 -2.00605276 8.45275151 -3.4921875 4.64453125 C-6.78631683 2.27687579 -9.50395525 2.82719961 -13.4921875 3.20703125 C-15.89155681 5.60640056 -15.7788164 6.42111625 -15.9921875 9.70703125 C-16.26996528 13.98480903 -16.26996528 13.98480903 -18.4921875 16.20703125 C-23.04774306 15.65147569 -23.04774306 15.65147569 -24.4921875 14.20703125 C-24.5799345 11.11708318 -24.26401653 8.19983768 -23.4921875 5.20703125 C-21.1796875 2.76953125 -21.1796875 2.76953125 -18.4921875 1.20703125 C-17.89535156 0.85253906 -17.29851562 0.49804688 -16.68359375 0.1328125 C-11.62571755 -2.00393734 -5.16807602 -1.64438782 0 0 Z " fill="#111111" transform="translate(179.4921875,217.79296875)"/>
<path d="M0 0 C0.26554687 0.60328125 0.53109375 1.2065625 0.8046875 1.828125 C1.15789062 2.62734375 1.51109375 3.4265625 1.875 4.25 C2.22304688 5.03890625 2.57109375 5.8278125 2.9296875 6.640625 C3.95199068 8.97727808 3.95199068 8.97727808 5.1328125 11.046875 C6 13 6 13 6 17 C16.89 17.495 16.89 17.495 28 18 C28 20.31 28 22.62 28 25 C10.84 25 -6.32 25 -24 25 C-24 22.69 -24 20.38 -24 18 C-16.74 17.67 -9.48 17.34 -2 17 C-3.485 13.844375 -3.485 13.844375 -5 10.625 C-8 4.25 -8 4.25 -8 2 C-5.09399739 0.74335022 -3.20395416 0 0 0 Z " fill="#010101" transform="translate(325,312)"/>
<path d="M0 0 C6.93 0 13.86 0 21 0 C21 7.92 21 15.84 21 24 C14.07 24 7.14 24 0 24 C0 16.08 0 8.16 0 0 Z " fill="#FBFBFB" transform="translate(441,231)"/>
<path d="M0 0 C0.33 15.18 0.66 30.36 1 46 C2.32 46.33 3.64 46.66 5 47 C5 47.33 5 47.66 5 48 C-1.93 48 -8.86 48 -16 48 C-16 47.34 -16 46.68 -16 46 C-15.195625 45.690625 -14.39125 45.38125 -13.5625 45.0625 C-11.10919595 44.23664655 -11.10919595 44.23664655 -10 43 C-9.91148471 40.40640678 -9.88474055 37.83960309 -9.90234375 35.24609375 C-9.9037587 34.47064713 -9.90517365 33.6952005 -9.90663147 32.89625549 C-9.91224655 30.40996506 -9.92480154 27.9237634 -9.9375 25.4375 C-9.94251306 23.75586067 -9.9470763 22.07421994 -9.95117188 20.39257812 C-9.96222087 16.26168434 -9.97949555 12.13085724 -10 8 C-12.97 7.505 -12.97 7.505 -16 7 C-16 6.34 -16 5.68 -16 5 C-14.08717875 4.15787744 -12.16957527 3.32661136 -10.25 2.5 C-9.18265625 2.0359375 -8.1153125 1.571875 -7.015625 1.09375 C-4 0 -4 0 0 0 Z " fill="#161616" transform="translate(215,217)"/>
<path d="M0 0 C5.61 0 11.22 0 17 0 C17 8.58 17 17.16 17 26 C11.39 26 5.78 26 0 26 C0 17.42 0 8.84 0 0 Z " fill="#EFEFEF" transform="translate(274,332)"/>
<path d="M0 0 C6.93 0 13.86 0 21 0 C21 6.93 21 13.86 21 21 C14.07 21 7.14 21 0 21 C0 14.07 0 7.14 0 0 Z " fill="#FBFBFB" transform="translate(441,202)"/>
<path d="M0 0 C5.94 0 11.88 0 18 0 C18 11.88 18 23.76 18 36 C14.7 36 11.4 36 8 36 C7.67 36.66 7.34 37.32 7 38 C7 37.01 7 36.02 7 35 C10.3 35 13.6 35 17 35 C16.67 30.05 16.34 25.1 16 20 C14.02 20.33 12.04 20.66 10 21 C9.32880451 19.5437455 8.66318193 18.08492133 8 16.625 C7.62875 15.81289063 7.2575 15.00078125 6.875 14.1640625 C6 12 6 12 6 10 C4.68 10 3.36 10 2 10 C1.67 12.64 1.34 15.28 1 18 C0.67 18 0.34 18 0 18 C0 12.06 0 6.12 0 0 Z " fill="#DDDDDD" transform="translate(273,365)"/>
<path d="M0 0 C1.20791445 16.1558558 1.20791445 16.1558558 -1.53515625 20.34375 C-5.04061611 22.66721472 -7.60982976 22.99360377 -11.8125 23.0625 C-15 22 -15 22 -16.9375 20.375 C-18.44290722 17.00997209 -18.44819965 14.64962568 -18 11 C-15.23758443 6.77435718 -12.39662556 4.83721633 -7.875 2.6875 C-6.82054687 2.17574219 -5.76609375 1.66398438 -4.6796875 1.13671875 C-2 0 -2 0 0 0 Z " fill="#FAFAFA" transform="translate(179,237)"/>
<path d="M0 0 C5.89709604 0.51948317 10.50564518 2.9680122 15.6875 5.625 C16.57147461 6.07214355 17.45544922 6.51928711 18.36621094 6.97998047 C24.83523622 10.29520755 31.01909623 13.8572639 37 18 C36.01 19.98 35.02 21.96 34 24 C28.95549229 23.46021805 25.34898143 21.03797999 21.125 18.4375 C13.22319455 13.67275708 5.18126749 9.26330969 -3 5 C-2.01 3.35 -1.02 1.7 0 0 Z " fill="#121212" transform="translate(418,384)"/>
<path d="M0 0 C2.75950343 2.9528 4.94651684 6.37222792 7.25 9.6875 C8.24386719 11.05551758 8.24386719 11.05551758 9.2578125 12.45117188 C9.87914062 13.33740234 10.50046875 14.22363281 11.140625 15.13671875 C11.99962402 16.35427856 11.99962402 16.35427856 12.87597656 17.59643555 C14 20 14 20 13.86621094 22.67895508 C13 25 13 25 10 27 C9.01 27 8.02 27 7 27 C6.62230469 26.01902344 6.24460937 25.03804687 5.85546875 24.02734375 C3.90498484 19.47621463 1.16645601 15.5874986 -1.6875 11.5625 C-2.19861328 10.83095703 -2.70972656 10.09941406 -3.23632812 9.34570312 C-4.48525649 7.55985228 -5.74184383 5.77936179 -7 4 C-3.375 0 -3.375 0 0 0 Z " fill="#161616" transform="translate(489,218)"/>
<path d="M0 0 C2.5 1.5 2.5 1.5 4 4 C4.33 6.64 4.66 9.28 5 12 C-1.93 12 -8.86 12 -16 12 C-15 5 -15 5 -12.5 2.0625 C-8.61989675 -0.76791348 -4.61728668 -0.92170171 0 0 Z " fill="#F6F6F6" transform="translate(377,221)"/>
<path d="M0 0 C2.5 1.5 2.5 1.5 4 4 C4.33 6.64 4.66 9.28 5 12 C-1.93 12 -8.86 12 -16 12 C-15 5 -15 5 -12.5 2.0625 C-8.61989675 -0.76791348 -4.61728668 -0.92170171 0 0 Z " fill="#F6F6F6" transform="translate(291,221)"/>
<path d="M0 0 C0.26554687 0.60328125 0.53109375 1.2065625 0.8046875 1.828125 C1.15789062 2.62734375 1.51109375 3.4265625 1.875 4.25 C2.22304688 5.03890625 2.57109375 5.8278125 2.9296875 6.640625 C3.95199068 8.97727808 3.95199068 8.97727808 5.1328125 11.046875 C6 13 6 13 6 17 C16.89 17.495 16.89 17.495 28 18 C28 18.33 28 18.66 28 19 C11.17 19 -5.66 19 -23 19 C-23 20.98 -23 22.96 -23 25 C-23.33 25 -23.66 25 -24 25 C-24 22.69 -24 20.38 -24 18 C-16.74 17.67 -9.48 17.34 -2 17 C-3.485 13.844375 -3.485 13.844375 -5 10.625 C-8 4.25 -8 4.25 -8 2 C-5.09399739 0.74335022 -3.20395416 0 0 0 Z " fill="#2C2C2C" transform="translate(325,312)"/>
<path d="M0 0 C0 0.66 0 1.32 0 2 C0.55300781 2.23074219 1.10601562 2.46148437 1.67578125 2.69921875 C4.64140293 4.35897004 6.76802379 6.42876199 9.1875 8.8125 C10.06792969 9.66457031 10.94835937 10.51664062 11.85546875 11.39453125 C14.06501652 14.07899093 14.68759213 15.58801598 15 19 C12 21 12 21 10.15625 20.9921875 C6.86144924 19.47610164 4.82081776 16.82524301 2.5 14.125 C-1.14524521 9.89983671 -1.14524521 9.89983671 -5.34375 6.2421875 C-5.8903125 5.83226562 -6.436875 5.42234375 -7 5 C-7 4.34 -7 3.68 -7 3 C-4.4385343 0.70351351 -3.52032428 0 0 0 Z " fill="#101010" transform="translate(181,377)"/>
<path d="M0 0 C0.33 0 0.66 0 1 0 C1 1.65 1 3.3 1 5 C1.66 5 2.32 5 3 5 C3 7.31 3 9.62 3 12 C20.16 12 37.32 12 55 12 C55 9.69 55 7.38 55 5 C55.33 5 55.66 5 56 5 C56 7.64 56 10.28 56 13 C37.85 13 19.7 13 1 13 C1.08378906 17.66898437 1.16757812 22.33796875 1.25390625 27.1484375 C1.30460388 30.10155524 1.35499842 33.05467188 1.40429688 36.0078125 C1.48262144 40.6979746 1.56208412 45.38809852 1.64819336 50.078125 C1.71752495 53.85815481 1.78186151 57.63823929 1.84269524 61.41841507 C1.86682165 62.86257656 1.89276585 64.30670884 1.92053413 65.7508049 C1.95903822 67.76916865 1.99055405 69.78766208 2.02172852 71.80615234 C2.05170677 73.53156754 2.05170677 73.53156754 2.08229065 75.2918396 C2 78 2 78 1 80 C0.34 79.67 -0.32 79.34 -1 79 C-0.67 52.93 -0.34 26.86 0 0 Z " fill="#ACACAC" transform="translate(298,325)"/>
<path d="M0 0 C3.14803131 0.67688204 3.14803131 0.67688204 6.125 -0.5625 C6.125 4.7175 6.125 9.9975 6.125 15.4375 C5.135 15.1075 4.145 14.7775 3.125 14.4375 C2.3515625 12.6953125 2.3515625 12.6953125 1.75 10.5625 C0.72986111 7.62828608 0.26152261 6.55885343 -2.125 4.4375 C-5.57213218 3.18399739 -8.23248661 3.10023024 -11.875 3.4375 C-15.09904978 5.10704819 -15.09904978 5.10704819 -15.5625 8.0625 C-15.665625 8.84625 -15.76875 9.63 -15.875 10.4375 C-16.535 10.4375 -17.195 10.4375 -17.875 10.4375 C-18.205 9.4475 -18.535 8.4575 -18.875 7.4375 C-19.535 7.4375 -20.195 7.4375 -20.875 7.4375 C-20.875 9.0875 -20.875 10.7375 -20.875 12.4375 C-21.205 12.4375 -21.535 12.4375 -21.875 12.4375 C-22.3125 9.8125 -22.3125 9.8125 -21.875 6.4375 C-15.40822706 -0.94582343 -9.32076128 -1.35301373 0 0 Z " fill="#0E0E0E" transform="translate(336.875,217.5625)"/>
<path d="M0 0 C3.14803131 0.67688204 3.14803131 0.67688204 6.125 -0.5625 C6.125 4.7175 6.125 9.9975 6.125 15.4375 C5.135 15.1075 4.145 14.7775 3.125 14.4375 C2.3515625 12.6953125 2.3515625 12.6953125 1.75 10.5625 C0.72986111 7.62828608 0.26152261 6.55885343 -2.125 4.4375 C-5.57213218 3.18399739 -8.23248661 3.10023024 -11.875 3.4375 C-15.09904978 5.10704819 -15.09904978 5.10704819 -15.5625 8.0625 C-15.665625 8.84625 -15.76875 9.63 -15.875 10.4375 C-16.535 10.4375 -17.195 10.4375 -17.875 10.4375 C-18.205 9.4475 -18.535 8.4575 -18.875 7.4375 C-19.535 7.4375 -20.195 7.4375 -20.875 7.4375 C-20.875 9.0875 -20.875 10.7375 -20.875 12.4375 C-21.205 12.4375 -21.535 12.4375 -21.875 12.4375 C-22.3125 9.8125 -22.3125 9.8125 -21.875 6.4375 C-15.40822706 -0.94582343 -9.32076128 -1.35301373 0 0 Z " fill="#0E0E0E" transform="translate(250.875,217.5625)"/>
<path d="M0 0 C4.62 0 9.24 0 14 0 C14 0.66 14 1.32 14 2 C12.84177734 2.58587891 12.84177734 2.58587891 11.66015625 3.18359375 C8.17727025 5.56177582 7.51679406 8.17790751 6.4375 12.0625 C6.02849177 13.4096005 5.61702051 14.75595557 5.203125 16.1015625 C5.00396484 16.76188477 4.80480469 17.42220703 4.59960938 18.10253906 C3.31678674 22.16202504 1.65130782 26.07929706 0 30 C-0.33333333 28.66666667 -0.66666667 27.33333333 -1 26 C-1.33644531 25.08541016 -1.33644531 25.08541016 -1.6796875 24.15234375 C-2.15443437 20.96227639 -1.14265332 18.59791421 -0.125 15.5625 C2.1752833 8.92460201 2.1752833 8.92460201 3 2 C2.01 2 1.02 2 0 2 C0 1.34 0 0.68 0 0 Z " fill="#4D4D4D" transform="translate(134,218)"/>
<path d="M0 0 C0.66 0 1.32 0 2 0 C2.21914063 0.60328125 2.43828125 1.2065625 2.6640625 1.828125 C4.810632 7.2381782 6.48775491 10.45588688 12 13 C14.70196121 13.56575361 17.23247334 13.80913609 20 14 C20 14.66 20 15.32 20 16 C15.26279088 18.36860456 9.03677412 16.85309421 3.91796875 16.21875 C1.99054759 15.96222723 1.99054759 15.96222723 0 16 C0 10.72 0 5.44 0 0 Z " fill="#181818" transform="translate(315,249)"/>
<path d="M0 0 C0.66 0 1.32 0 2 0 C2.21914062 0.60328125 2.43828125 1.2065625 2.6640625 1.828125 C4.810632 7.2381782 6.48775491 10.45588688 12 13 C14.70196121 13.56575361 17.23247334 13.80913609 20 14 C20 14.66 20 15.32 20 16 C15.26279088 18.36860456 9.03677412 16.85309421 3.91796875 16.21875 C1.99054759 15.96222723 1.99054759 15.96222723 0 16 C0 10.72 0 5.44 0 0 Z " fill="#181818" transform="translate(229,249)"/>
<path d="M0 0 C3.35467018 1.32153674 4.49470858 3.5206443 5.9140625 6.75 C7.17736451 9.96138454 8.0625 12.32395761 8.0625 15.8125 C6.4125 16.1425 4.7625 16.4725 3.0625 16.8125 C1.89095707 14.52320947 0.72511926 12.23131638 -0.4375 9.9375 C-0.77136719 9.28652344 -1.10523438 8.63554687 -1.44921875 7.96484375 C-3.9375 3.0390625 -3.9375 3.0390625 -3.9375 0.8125 C-1.9375 -0.1875 -1.9375 -0.1875 0 0 Z " fill="#191919" transform="translate(279.9375,369.1875)"/>
<path d="M0 0 C2.97 0 5.94 0 9 0 C9.05815112 4.39577761 9.09364767 8.79145598 9.125 13.1875 C9.14175781 14.43337891 9.15851563 15.67925781 9.17578125 16.96289062 C9.18222656 18.16494141 9.18867188 19.36699219 9.1953125 20.60546875 C9.20578613 21.71043701 9.21625977 22.81540527 9.22705078 23.95385742 C8.99727629 27.03654165 8.3081849 29.21840962 7 32 C6.67 32 6.34 32 6 32 C6.33 21.77 6.66 11.54 7 1 C5.02 1 3.04 1 1 1 C1 8.59 1 16.18 1 24 C0.67 24 0.34 24 0 24 C0 16.08 0 8.16 0 0 Z " fill="#5A5A5A" transform="translate(406,352)"/>
<path d="M0 0 C0.99 0 1.98 0 3 0 C3.268125 0.680625 3.53625 1.36125 3.8125 2.0625 C4.70447166 4.26895622 5.65147595 6.45329251 6.625 8.625 C8 12 8 12 8 15 C6.35 15.33 4.7 15.66 3 16 C2.10604671 14.09209968 1.23540666 12.17326194 0.375 10.25 C-0.11226563 9.18265625 -0.59953125 8.1153125 -1.1015625 7.015625 C-2 4 -2 4 -1.1484375 1.609375 C-0.76945312 1.07828125 -0.39046875 0.5471875 0 0 Z " fill="#1C1C1C" transform="translate(279,337)"/>
<path d="M0 0 C2.875 0.6875 2.875 0.6875 3.875 1.6875 C4.16678308 4.45943929 4.23866316 6.10159825 2.75 8.5 C0.07268863 10.19563053 -2.02589373 9.9569875 -5.125 9.6875 C-6.125 8.6875 -6.125 8.6875 -6.375 5.25 C-6.2925 4.074375 -6.21 2.89875 -6.125 1.6875 C-3.125 -0.3125 -3.125 -0.3125 0 0 Z " fill="#1C1C1C" transform="translate(211.125,193.3125)"/>
<path d="M0 0 C0.33 0.66 0.66 1.32 1 2 C2.32 2 3.64 2 5 2 C5.66 4.31 6.32 6.62 7 9 C5 8 5 8 3 5 C0.42974154 9.2837641 -1.58707905 13.1725201 -3 18 C-4.32 17.34 -5.64 16.68 -7 16 C-5.35433477 10.31497465 -2.70967216 5.23318364 0 0 Z " fill="#404040" transform="translate(109,235)"/>
<path d="M0 0 C2.50357861 0.8345262 4.66785852 1.79371992 7 3 C5.741875 3.268125 4.48375 3.53625 3.1875 3.8125 C-1.10026119 4.85521851 -1.10026119 4.85521851 -4 8 C-4.74386068 10.30988315 -5.42190703 12.64315944 -6 15 C-6.144375 14.360625 -6.28875 13.72125 -6.4375 13.0625 C-6.81007181 11.02454854 -6.81007181 11.02454854 -8 10 C-8.66 10 -9.32 10 -10 10 C-8.26548969 5.31682216 -4.40759243 2.20379621 0 0 Z " fill="#232323" transform="translate(367,218)"/>
<path d="M0 0 C2.50357861 0.8345262 4.66785852 1.79371992 7 3 C5.741875 3.268125 4.48375 3.53625 3.1875 3.8125 C-1.10026119 4.85521851 -1.10026119 4.85521851 -4 8 C-4.74386068 10.30988315 -5.42190703 12.64315944 -6 15 C-6.144375 14.360625 -6.28875 13.72125 -6.4375 13.0625 C-6.81007181 11.02454854 -6.81007181 11.02454854 -8 10 C-8.66 10 -9.32 10 -10 10 C-8.26548969 5.31682216 -4.40759243 2.20379621 0 0 Z " fill="#232323" transform="translate(281,218)"/>
<path d="M0 0 C4.62 0 9.24 0 14 0 C14 0.66 14 1.32 14 2 C12.34928604 3.02611949 10.68029994 4.02308143 9 5 C7.24850835 6.58245275 7.24850835 6.58245275 6 8 C5.7525 7.195625 5.505 6.39125 5.25 5.5625 C4.27761141 2.828919 4.27761141 2.828919 1.875 2.1875 C1.25625 2.125625 0.6375 2.06375 0 2 C0 1.34 0 0.68 0 0 Z " fill="#080808" transform="translate(134,218)"/>
<path d="M0 0 C0 5.94 0 11.88 0 18 C-0.66 18.33 -1.32 18.66 -2 19 C-2.33 13.72 -2.66 8.44 -3 3 C-4.32 2.67 -5.64 2.34 -7 2 C-2.25 0 -2.25 0 0 0 Z " fill="#AEAEAE" transform="translate(179,237)"/>
<path d="M0 0 C2 1 2 1 3 3 C2.01 3.66 1.02 4.32 0 5 C-0.72965366 7.56282742 -0.72965366 7.56282742 -1 10 C-1.66 10 -2.32 10 -3 10 C-3.33 9.01 -3.66 8.02 -4 7 C-4.66 7 -5.32 7 -6 7 C-6 8.65 -6 10.3 -6 12 C-6.33 12 -6.66 12 -7 12 C-7.4375 9.375 -7.4375 9.375 -7 6 C-4.9050512 3.66877878 -2.53926173 1.82671379 0 0 Z " fill="#2A2A2A" transform="translate(322,218)"/>
<path d="M0 0 C2 1 2 1 3 3 C2.01 3.66 1.02 4.32 0 5 C-0.72965366 7.56282742 -0.72965366 7.56282742 -1 10 C-1.66 10 -2.32 10 -3 10 C-3.33 9.01 -3.66 8.02 -4 7 C-4.66 7 -5.32 7 -6 7 C-6 8.65 -6 10.3 -6 12 C-6.33 12 -6.66 12 -7 12 C-7.4375 9.375 -7.4375 9.375 -7 6 C-4.9050512 3.66877878 -2.53926173 1.82671379 0 0 Z " fill="#2A2A2A" transform="translate(236,218)"/>
<path d="M0 0 C0.99 0 1.98 0 3 0 C3 4.95 3 9.9 3 15 C2.34 15 1.68 15 1 15 C0.67 12.03 0.34 9.06 0 6 C-0.66 6 -1.32 6 -2 6 C-1.34 4.02 -0.68 2.04 0 0 Z " fill="#505050" transform="translate(410,203)"/>
<path d="M0 0 C0.35050464 5.841744 0.16727335 9.8531808 -3 15 C-3.33333333 13.66666667 -3.66666667 12.33333333 -4 11 C-4.226875 10.38125 -4.45375 9.7625 -4.6875 9.125 C-5.14433392 6.01852934 -4.20388843 3.85131469 -3 1 C-1 0 -1 0 0 0 Z " fill="#373737" transform="translate(137,233)"/>
<path d="M0 0 C0 0.66 0 1.32 0 2 C-1.62249941 2.83819158 -3.24808497 3.6704116 -4.875 4.5 C-6.23238281 5.19609375 -6.23238281 5.19609375 -7.6171875 5.90625 C-10 7 -10 7 -12 7 C-12 5.68 -12 4.36 -12 3 C-10.5682384 2.30062798 -9.12932968 1.61587282 -7.6875 0.9375 C-6.48673828 0.36322266 -6.48673828 0.36322266 -5.26171875 -0.22265625 C-3 -1 -3 -1 0 0 Z " fill="#1C1C1C" transform="translate(177,236)"/>
<path d="M0 0 C1.21065165 3.63195496 0.62784815 5.06531629 -0.4375 8.6875 C-0.86869141 10.17830078 -0.86869141 10.17830078 -1.30859375 11.69921875 C-1.53675781 12.45847656 -1.76492187 13.21773437 -2 14 C-3.41196151 11.69765978 -4.02997047 10.40528247 -3.828125 7.67578125 C-3.63734375 6.89589844 -3.4465625 6.11601562 -3.25 5.3125 C-3.06953125 4.52488281 -2.8890625 3.73726562 -2.703125 2.92578125 C-2 1 -2 1 0 0 Z " fill="#232323" transform="translate(133,241)"/>
<path d="M0 0 C0.33 0.99 0.66 1.98 1 3 C-0.28965176 4.37562854 -1.62689293 5.70766393 -3 7 C-3.66 7 -4.32 7 -5 7 C-5.28875 8.134375 -5.5775 9.26875 -5.875 10.4375 C-6.24625 11.613125 -6.6175 12.78875 -7 14 C-7.99 14.495 -7.99 14.495 -9 15 C-8.57476184 13.39253944 -8.13429874 11.78910164 -7.6875 10.1875 C-7.44386719 9.29417969 -7.20023438 8.40085938 -6.94921875 7.48046875 C-5.96447029 4.90715487 -5.20022753 3.63523083 -3 2 C-2.01 2 -1.02 2 0 2 C0 1.34 0 0.68 0 0 Z " fill="#BABABA" transform="translate(148,218)"/>
<path d="M0 0 C0.66 0.33 1.32 0.66 2 1 C0.37660195 2.70884005 -1.29319053 4.37446717 -3 6 C-3.66 6 -4.32 6 -5 6 C-5 8.97 -5 11.94 -5 15 C-5.66 14.67 -6.32 14.34 -7 14 C-7.31974464 9.92325579 -7.43803342 7.67970704 -5.1875 4.1875 C-3 2 -3 2 0 0 Z " fill="#BCBCBC" transform="translate(168,241)"/>
<path d="M0 0 C0.33 0 0.66 0 1 0 C1 5.28 1 10.56 1 16 C0.01 15.67 -0.98 15.34 -2 15 C-2.33 13.35 -2.66 11.7 -3 10 C-2.01 10.33 -1.02 10.66 0 11 C0 7.37 0 3.74 0 0 Z " fill="#565656" transform="translate(342,217)"/>
<path d="M0 0 C0.33 0 0.66 0 1 0 C1 5.28 1 10.56 1 16 C0.01 15.67 -0.98 15.34 -2 15 C-2.33 13.35 -2.66 11.7 -3 10 C-2.01 10.33 -1.02 10.66 0 11 C0 7.37 0 3.74 0 0 Z " fill="#565656" transform="translate(256,217)"/>
<path d="M0 0 C0 0.33 0 0.66 0 1 C-1.794375 1.0928125 -1.794375 1.0928125 -3.625 1.1875 C-8.40730383 1.74912287 -10.60507231 3.68994551 -14 7 C-14 4 -14 4 -12.0625 1.8125 C-7.95142865 -0.62058305 -4.6603705 -0.36551926 0 0 Z " fill="#C3C3C3" transform="translate(377,221)"/>
<path d="M0 0 C0 0.33 0 0.66 0 1 C-1.794375 1.0928125 -1.794375 1.0928125 -3.625 1.1875 C-8.40730383 1.74912287 -10.60507231 3.68994551 -14 7 C-14 4 -14 4 -12.0625 1.8125 C-7.95142865 -0.62058305 -4.6603705 -0.36551926 0 0 Z " fill="#C3C3C3" transform="translate(291,221)"/>
<path d="M0 0 C2 1 2 1 3.1875 4.375 C4 8 4 8 3 11 C2.34 11 1.68 11 1 11 C0.67 7.37 0.34 3.74 0 0 Z " fill="#2E2E2E" transform="translate(137,220)"/>
<path d="M0 0 C2 1 2 1 4 4 C3.625 6.1875 3.625 6.1875 3 8 C2.67 6.68 2.34 5.36 2 4 C0.35 3.67 -1.3 3.34 -3 3 C-2.01 2.01 -1.02 1.02 0 0 Z " fill="#434343" transform="translate(176,256)"/>
<path d="M0 0 C0.66 0.33 1.32 0.66 2 1 C-1.465 3.97 -1.465 3.97 -5 7 C-3.92643531 2.70574125 -3.4915227 2.25259529 0 0 Z " fill="#202020" transform="translate(161,219)"/>
</svg>
